643462
493683
402342
691172
902355
372815
114366
432046
821904
255439
365429
886526
361036
382894
637769
629067
397726
222485
310921
331626
936896
697254
682386
39165
14542
886315
48692
378139
5174
515365
609077
61031
907763
214215
462823
972871
584858
956640
511309
329731
860186
317604
647139
884600
841910
183877
215230
922580
831982
336261
364552
835263
706340
885186
574242
393186
706445
886085
334092
445661
169506
587000
686976
668850
842947
668049
99543
155828
78062
520886
917566
96451
378479
86014
483596
530234
490953
16769
847151
171999
469200
971039
881411
607966
915864
645243
535478
738987
913395
759848
897504
208048
991535
581623
721551
690716
847243
725137
79863
350065
432344
914399
842193
461752
454813
105335
755207
200221
301558
870734
997460
843642
883682
231510
219266
203025
929673
181678
241794
910086
807586
999051
786037
308728
44231
59751
829828
86691
327518
281803
449865
456683
927546
511536
295746
650479
152667
136303
164309
724786
668705
957959
495113
194291
252606
893765
991662
805145
826303
384905
988064
841263
422148
487477
627037
716140
68264
496821
392777
244512
450258
613281
50951
911029
605202
595962
588132
657199
834441
570760
314282
193253
483683
159950
894439
608118
232008
882816
709513
98605
55844
340286
611188
967976
89622
41287
832186
654407
191727
854477
540677
441510
142538
976254
286452
675857
50765
994437
376458
770612
724935
96693
38635
9707
478821
723818
85497
183590
82752
149
672710
385427
347171
86924
662947
875768
130439
199058
51601
783995
399864
401864
888454
556520
343009
461391
138218
484494
425836
960603
962889
347960
724828
613278
980121
198661
822210
208563
154424
570389
46514
901259
111719
953536
865163
626450
832850
199686
791392
261822
877943
632377
254795
786917
521042
31794
502865
95893
433233
334006
750384
308775
842492
839450
474149
395913
419828
960718
962433
681374
493788
56319
971753
323180
579188
694925
617935
181811
620986
773698
434117
583103
800508
274700
865248
357643
228733
84921
336822
196023
360204
228357
434976
797733
501091
62660
665759
511260
356290
478231
723290
163904
162940
904230
189686
562039
591537
973821
114067
706063
260879
30098
973569
108959
409338
264447
106278
733421
992525
170737
824099
969651
236171
171578
63006
764503
463122
726959
608825
482284
834584
970978
648525
328572
498364
938921
640276
200587
520574
744849
269823
641154
892336
648932
566495
168024
849319
814102
88999
626281
719474
693239
459388
368791
523106
410926
422921
8154
589477
207917
42296
203291
525427
1815
596555
444847
974031
384062
248193
85736
735086
921194
566385
926719
984299
457399
549916
511537
524280
225809
880311
912198
228052
967496
753837
192142
94513
930054
790442
923585
625361
571722
198382
104970
554287
32346
585191
575532
311745
949109
548802
556104
992445
992764
457073
258865
7699
579276
629598
603392
51099
572048
472618
952381
483492
431572
986020
437624
752032
192170
460795
885309
998145
849590
116027
569427
580478
228586
886368
23063
841505
166207
564134
919549
80208
894359
24578
598963
358307
834326
318534
160169
463804
626285
3568
164561
83138
108432
202919
904918
992039
133204
530940
881250
865210
562184
204389
595228
126263
516623
370871
25790
111845
977121
928865
180710
707721
123830
888184
932436
529582
387713
625417
941181
667670
43646
225768
844282
991805
317861
470900
48007
22246
404972
931794
396525
411807
494025
56314
712437
155957
888286
103066
704270
750194
570132
266291
18550
647716
110248
360993
277545
535527
649419
993116
788503
143324
791579
226518
236185
527122
638372
376684
77715
28310
868338
710455
547241
398904
717909
511815
147655
905029
956803
185616
257554
573221
466966
814307
13886
127919
832063
857161
944184
583537
423655
487153
917021
900849
830512
397533
855306
594890
119127
778330
314242
690425
336379
562435
464274
961038
869314
971547
239059
959196
762473
854220
409479
947194
859699
301380
126937
472645
685270
549113
42662
997255
308276
234186
454462
683880
44524
654671
58352
174427
741848
806210
789707
949928
567550
613883
927068
654166
670824
960283
101442
583537
828324
822329
104954
398323
197675
72527
424859
994404
601574
274776
242502
389417
344193
110474
231444
423710
422011
907660
865005
53926
132728
113981
100686
25899
508848
453811
247413
753521
706536
940391
541251
301585
465777
875877
456249
473120
24419
465296
59281
135499
416554
694805
781218
84711
914794
680364
821504
943390
486340
779825
29199
815805
524352
379572
510753
681770
788974
416323
403249
801456
446476
375311
221623
724434
330317
718012
939287
848744
64551
435734
493854
859634
487826
699807
723113
792623
895347
384759
831141
911828
976522
577813
360417
72052
967604
56145
303013
741912
461500
112837
422441
405303
521012
43034
77432
629836
227147
63814
839931
693356
560701
434370
981777
293507
563207
67570
468063
530292
52423
979604
439860
47897
777872
511322
294974
949589
793587
373090
382648
858252
998031
214318
16573
285221
245272
599575
980322
291305
166859
985029
950274
276469
860420
532189
293345
618417
898882
370292
510311
795357
693310
224351
190204
574531
102675
162825
717312
825610
325531
586983
129453
526864
531369
483499
464742
572045
393554
392447
653745
57220
671098
504787
514924
829302
253097
796611
693490
211864
627563
131799
447252
988816
565420
820449
27797
922828
920850
207298
31282
312943
840714
482578
500375
354573
348678
57110
747340
355144
223741
524146
838006
179924
328221
442341
427302
655129
56875
917464
169308
39153
376656
234781
238223
87869
5709
599807
591383
686150
640610
381944
481442
495396
782369
123774
382050
575563
634650
978108
929845
480267
751715
165619
705297
894828
598966
507781
675922
489629
955562
82962
907612
294992
136426
578014
713292
568778
340091
963281
752861
824230
39134
705926
724337
413111
221604
854596
193348
817966
464663
977892
796613
597396
275771
119748
524736
749508
872115
646769
40683
111243
585540
105685
22462
295093
378160
983585
332047
579710
532848
569145
407330
117267
443222
950085
649793
797915
569313
550168
737908
120476
47951
508543
734663
458600
151036
634821
577411
182811
770155
635260
39163
201523
372691
798550
532708
617779
422330
354123
192389
363595
86048
271570
513124
870032
159966
356672
452207
58668
538089
117695
306674
198945
220768
25046
867470
465883
813873
468009
321413
353959
704948
924233
122899
455481
619302
600789
589529
495580
56758
80022
289313
930978
188957
309100
381852
865968
157412
609076
951834
516623
354141
247435
30441
962984
189546
517513
438750
469039
56302
198845
806880
221640
683389
734416
123683
941942
840982
453930
953968
456838
404781
696670
23703
982862
117455
743126
218440
571289
995222
51545
166073
890770
219208
413677
482390
282561
524066
293412
446254
813501
550416
792702
341032
873124
363072
401010
949850
713897
353575
927768
724476
217305
43414
791673
961123
83570
883447
146367
911164
589088
5337
158917
130764
33187
22468
125715
530627
4616
400617
9794
525552
638191
622788
414263
403213
103348
357959
968421
532562
668856
110076
596343
314450
821751
371513
162084
840597
83593
134279
541344
71694
363433
722652
256345
971471
914402
302461
428831
440723
219647
95164
955522
83822
423378
278891
491005
809930
244036
794034
34980
22105
659195
787544
663920
679771
35555
227941
221628
833408
792438
302154
588857
325132
133470
565662
489022
224770
858728
458992
655266
228252
778321
726510
583489
683648
788524
477508
26670
129887
242783
114975
847677
234173
852510
124013
840960
796343
986321
759732
657930
51880
901482
3542
26461
850049
137525
767144
41912
409544
29629
215056
425197
261333
58069
249459
292856
676796
540134
655152
164745
349034
992171
137820
646878
346158
341968
505415
470102
387630
55464
540252
339739
308174
156824
688597
356943
168528
67205
554807
609471
848269
165067
328745
897716
113165
979698
697985
461269
88012
969616
500470
1938
785596
908859
358620
261062
843440
6661
802481
902135
902203
19824
937370
474157
123069
782141
540567
786800
186198
771502
581965
115378
738297
562852
555163
271805
664569
273979
678387
727093
748810
401122
978668
651653
255117
762693
508115
951541
715672
621954
457667
121977
741269
443260
731612
13865
984757
151529
625217
414712
482280
210888
608198
682261
473158
315990
858344
537314
456525
998260
112462
521632
681255
989409
605918
557466
485500
755803
357390
507187
903077
219838
822062
624653
736214
318256
984335
314350
857630
712363
290231
670023
849616
661428
430014
851419
213838
798045
873160
475933
292713
303060
230666
851360
731762
767684
973776
56605
782042
851707
773544
589162
992728
699284
742301
541267
876148
957520
155884
41128
941067
158146
814638
1212
84718
168867
61517
52554
710074
398481
617239
912177
92051
448676
815277
330146
454876
945458
523592
193426
942478
354409
25352
325639
164844
686588
397485
14983
285432
135584
473760
326979
678228
851361
308216
814380
27804
252746
165070
323497
371637
508018
452882
214352
991236
71781
693558
461481
247066
456397
570927
782885
422014
737507
338929
156535
389079
645731
386089
826999
451229
480414
550782
179161
14839
496321
860912
661710
852832
860492
731957
279932
589631
753983
298968
45542
697277
702027
480925
170703
730514
756176
579968
724019
748375
723286
703394
928235
870803
238724
62879
272524
701035
114998
253253
136648
907985
62023
942254
679960
607546
571526
13045
335122
307769
485659
92878
364578
90042
528644
574109
587227
386901
870327
687938
563421
186832
611827
926534
238314
747399
935963
125826
286757
930223
548961
819121
177353
84890
954998
50765
278930
3510
51363
699460
169640
843677
509643
502401
677018
74793
417046
394317
76768
441198
692092
479516
308719
655254
860106
940470
30270
34551
876577
453019
820860
579578
820157
226146
875350
51720
442162
613381
79941
456153
755715
353232
451092
960170
75188
887655
536122
684725
175432
880403
523569
995457
530275
11243
492047
889137
911093
357317
438250
822532
978787
189578
467935
862838
886276
810064
808107
352360
323671
134857
104313
374801
884588
87979
803843
186545
109565
512993
293829
433504
71383
232024
862629
412595
907094
85944
483528
856647
272857
274853
881771
722489
300248
84574
339003
244235
266441
132747
213709
77207
855767
597189
211838
702720
586388
499555
28745
389878
703405
8926
101737
917811
598467
902812
861924
950191
606030
777140
54745
423659
847668
332180
410452
562741
648409
77935
188979
166031
932817
100374
898086
621964
923633
109022
789263
707154
412021
846724
572868
596300
846058
84032
162073
669874
492841
843532
154643
644263
969682
203455
192223
268799
511094
15388
298740
335059
440856
137364
792651
26058
452203
331590
392237
696421
464246
805071
688756
19365
18996
481818
249216
62296
410940
486870
228675
260014
999851
995247
521407
443071
447616
553043
160901
48475
941107
213220
890633
390962
815673
345256
570649
405258
377642
775669
359461
583248
139225
995526
416395
924675
125523
531407
206462
595989
390886
217893
357966
649179
390633
32485
422496
590896
394219
357989
817609
811926
697182
22735
694411
888001
991786
235605
465432
545221
890017
580682
252579
646786
257686
565472
570636
902495
714620
826958
148674
128431
383503
991369
909931
791484
728719
356403
780081
261833
116546
18732
174547
666252
549403
804976
727358
486050
879318
380924
67256
75722
689654
211660
221165
91831
949091
624306
530792
416375
488207
85501
805039
534892
326520
947285
799093
486754
886633
337946
10442
443580
172179
578477
212762
691460
57556
490626
110494
293597
939942
229157
990157
992269
137926
818757
268768
972430
586099
405144
395509
954038
571216
340294
649587
706149
483138
613268
995492
483057
812493
811017
306206
71225
917071
747605
945621
105498
400241
135681
913299
64030
297227
190593
497921
883628
648852
855413
660143
450662
457420
414237
171246
317419
465686
621484
870926
869774
677385
116498
275658
829248
46618
815636
168561
411039
303399
178091
732289
679300
453964
727109
248433
641928
96996
974782
380068
409374
330697
946523
578471
305433
690667
830388
210745
162706
254868
886774
591959
161423
779465
645622
223592
477504
488125
591109
189491
694261
927423
987921
841207
401817
122245
238513
616477
659348
117674
177441
77822
27424
877580
6592
32594
691263
425203
154364
901515
790378
57326
202087
339618
446129
441112
162662
481737
135868
411531
819190
84002
886
327326
535496
263569
395063
914718
935802
500646
482117
630641
117382
60091
971580
711067
607912
14238
147075
234999
108311
604301
185242
731039
172230
764588
389585
80937
364942
251960
370784
733355
117241
972344
393464
531077
444057
776795
79151
776230
932845
211523
406120
510579
923415
449443
479062
371779
598713
905237
854985
801480
785166
841568
306476
827500
621554
611029
779438
119787
896989
46524
959636
528719
781405
912240
300874
854271
876094
258009
587333
165945
997143
981783
103586
595833
871264
898083
268054
160992
971336
134759
149089
836379
48072
735972
627665
795818
524623
936313
96573
466089
812453
689069
493290
797952
779761
681116
152127
947991
57758
247521
431038
386447
605489
310918
319383
298752
970485
713827
265239
32238
980390
86540
274255
254589
179795
698840
926843
436825
186878
580737
336411
251205
286022
565584
228631
483189
995493
808321
260145
96653
53280
762294
414911
162839
249636
559970
817301
466049
801376
236083
583339
732905
510925
256105
394910
597014
782135
368644
326527
607171
675297
887264
80187
814784
575335
125386
191102
734973
720053
857360
955556
765862
789383
359426
801855
471844
991957
796249
576345
489147
601894
461823
748653
195840
696587
657992
853829
703419
925338
799478
583763
173428
499063
671236
816246
940112
232894
632099
527245
428856
396324
958115
970479
400258
329691
449628
728065
620908
271108
888066
237021
664534
604566
921562
178597
180953
787789
482984
680923
635285
547514
899538
630159
216193
540227
440113
511330
339465
567981
164624
107236
932004
611789
589075
72317
471373
399154
860699
868074
577302
957700
849455
797632
804112
623407
805336
909248
166815
269870
5333
352033
848657
104052
119592
361926
484186
234369
863189
431869
389460
358570
868123
377431
119794
341686
609563
947545
775480
158452
650999
349782
547223
659952
434905
560555
95550
890829
338674
572870
492260
231263
739989
797716
616998
467029
391466
679920
98355
1267
491324
215266
116408
813242
454989
462896
642419
442181
541960
335496
981444
228413
172931
919507
804895
279365
984082
328542
212637
144558
408580
625468
747989
981655
849821
662029
704040
74628
316508
779676
505977
925561
726672
191191
431661
783099
955829
519953
441487
393525
103931
412153
428576
964430
386415
357014
771672
816380
516554
851003
675629
964553
439504
824317
418168
920155
802848
811327
286634
330552
604077
691451
684757
687408
42402
952867
616969
223678
720433
338717
516624
293226
990658
423939
174481
980867
422365
140560
345137
426043
76525
520295
461606
359908
519325
955506
772034
653455
279467
93047
127604
253435
760011
70261
596932
743160
452431
178356
59828
906866
668759
195635
942076
99203
907057
571503
292914
925482
396163
361931
478208
723673
327556
318012
864819
605779
775321
811474
5491
363998
329676
344498
998598
376259
25108
235921
893374
756016
231144
701859
238834
382810
791902
956025
133308
122960
850012
143509
421628
503835
471142
891482
8233
340519
397290
11277
607045
330287
149
418552
632719
428137
780300
651650
352935
895768
563602
463085
867687
276694
883127
834992
959032
191838
903076
426614
363611
772743
640599
900430
560226
753706
172055
793172
736098
729431
972184
599027
197936
851441
527824
514500
127765
284302
892221
857922
248466
71878
901638
521282
660311
674092
362888
938082
837270
326367
638587
958079
530696
546706
706313
708331
118015
569505
948557
989611
755325
220520
642231
8300
545374
764045
359688
276046
816157
551166
267602
322973
520418
877100
615747
464957
712626
315950
544587
241455
37547
942820
708811
297585
173301
276079
113292
422661
211854
476691
988678
177090
31174
326824
495690
40533
815817
776620
540394
296428
16495
395802
7116
931492
204245
895943
271328
673512
471050
999518
941763
916729
256372
323537
399172
691326
737793
618326
848549
22043
214009
656181
282303
990631
229747
299969
963809
567843
544656
798308
783881
812928
432061
151856
117170
351981
208485
474334
611121
141340
341140
632217
677056
398092
958107
88696
321116
237058
94764
800311
352192
992063
550003
218767
934646
419010
797085
935839
915555
979317
996564
275795
349347
184413
792411
187706
167132
545554
237610
119035
993683
17870
891698
162305
701939
953603
860321
658221
413089
486648
305641
611466
299656
959053
746465
729532
729726
469814
288273
630233
2337
877305
775846
780222
167229
618881
744986
24625
196560
524715
964873
147051
81865
397602
308868
759543
266442
506475
669146
963693
191512
298602
639277
646950
633927
573889
728987
982256
943848
84469
946542
684533
252738
23705
686797
844094
215178
150986
996710
704950
872425
362156
455164
585046
781294
360146
100242
245850
638880
706365
64623
410274
251761
940613
838564
800814
847768
645776
369972
23840
409073
303280
532366
861369
917236
536256
844044
48203
144037
869592
705587
410238
896338
449541
837862
318759
428836
260265
48956
775980
75575
250663
936059
88613
19139
442095
637024
9167
515948
526035
286485
428717
826700
680475
402571
190280
562930
334823
32905
358538
153816
395299
122311
329441
661781
6296
229682
492417
231089
267908
417797
768176
40589
455784
867369
236765
749858
196725
525420
243342
77466
741895
888109
823260
330739
949238
839430
23382
418274
837688
319740
713195
119669
607993
481862
777061
161328
838403
907534
158146
952850
158256
403300
84839
675448
78449
872441
952100
782009
814980
768350
753053
867780
880283
674788
660202
301393
936751
629766
341027
967798
907840
912298
859297
967872
624379
145108
561316
143877
347178
731366
175392
855589
351756
839853
463191
518864
386985
380477
153221
36543
226675
670851
559563
401030
721608
784689
243053
428525
729236
894057
307471
796831
49261
270071
439907
301796
25518
990408
602308
521870
788072
817022
360327
885936
204160
153796
195937
476470
482605
471348
791878
768250
33507
95005
198852
902270
623556
792046
504
25144
86989
165532
76535
686238
853222
464649
330938
277887
334375
55211
800183
28523
779451
459089
885270
114148
546568
567528
61933
40539
870704
360947
314878
566726
111589
226533
714775
89686
154874
755014
10853
590877
109421
719280
847276
957136
694559
790065
228073
731644
743348
427665
153296
125057
61393
303755
928095
422591
475462
553599
506846
759718
282139
136538
376006
607362
463991
591403
902228
206835
979165
513522
776408
625447
150098
151343
169638
65627
677978
623151
483676
553588
91812
388206
126377
157917
504471
771652
571651
444213
392751
538819
73821
958745
744531
742111
797932
152309
323279
322425
800314
304860
988670
237121
247908
692146
981779
207824
500131
447523
834332
533891
193701
315247
93660
801173
268692
766000
368543
730714
953172
751022
295804
858359
84145
708184
903542
213727
784130
301464
504056
675861
435503
774722
688061
222841
98935
731319
211453
863986
7484
613070
566915
645767
534619
145129
814838
756397
82209
537887
811543
419027
663691
292565
317494
959850
567908
44149
594168
164878
380788
993441
5494
798020
814804
129423
828232
943038
250329
623833
945386
653352
628317
491680
347752
246115
350319
854699
400883
460813
139762
919064
648270
617679
397456
84399
516233
857484
444670
438029
662034
521834
188727
256546
863886
741860
168915
36241
290083
343242
644602
4556
704149
246810
372796
26651
663885
646475
989028
314352
54471
380058
453214
369150
359175
73612
851346
146576
916016
836120
954125
516216
34673
508993
325311
709762
255169
733594
445406
598947
218315
390022
270348
325838
587664
281715
880307
19899
213663
292944
390224
79396
262944
630069
91621
769126
349151
172477
874279
692110
796451
405381
336761
29829
42822
884236
636362
313715
847478
689286
51863
890035
405212
868823
436663
170980
690244
440986
225111
226683
353034
126523
421555
266026
275857
618689
49400
78557
456325
861480
866629
565457
232811
503758
764534
74446
991712
424275
158075
371660
403673
981458
849070
732949
924437
431825
297556
817715
765626
782209
972017
700328
791829
193477
465741
677298
832517
937266
364487
242824
710842
822237
429643
930999
886064
952712
521518
559826
982347
660012
828932
780451
633889
455685
394159
734311
14815
895794
626365
51685
142016
316742
482036
386957
540054
505678
257502
179106
139514
502256
486505
350346
343655
893627
264852
211506
42910
160771
434581
929637
982808
861880
451614
531518
298063
697205
433783
566144
214128
789931
840167
229916
887127
838815
468056
970216
104181
150960
970463
326164
98274
946826
894926
39807
45320
744637
323485
276627
905832
77639
554044
131179
149527
275201
904919
461849
558487
547512
647277
498103
742900
153726
274195
594295
223213
4627
800498
965996
933434
653472
554070
237976
782584
262450
967237
157388
474778
797222
205884
881359
133120
398292
84343
835122
398592
605538
605672
254961
582333
870964
639819
179697
138185
584812
706254
835046
192114
661456
562981
67166
116076
584027
320505
724817
166138
690519
97103
663984
18145
399151
810919
354522
628922
17079
564700
905215
227020
754045
220640
691879
394202
571380
185602
672518
137361
536807
131130
904208
570294
426752
357991
738299
325705
420456
781602
663705
100079
863933
62532
792440
797507
246861
235396
537242
583276
731831
299778
118029
784056
802817
628450
152110
978660
858646
720990
732469
811917
867177
785010
79109
33877
517245
862540
60389
17537
657959
735756
624382
540531
198709
644037
454771
929700
58307
923483
971421
762154
197950
40352
132674
192460
250242
131496
364626
632774
765311
87686
341985
951238
635080
419889
275847
573691
828043
633831
825594
874698
169452
604842
745291
26140
535583
492801
899395
35106
495815
66110
338217
47496
132525
913974
710529
119796
496358
917861
408832
568657
913196
525896
492268
696398
149221
827992
612762
160299
261735
164923
881946
504509
815927
21125
859546
405620
31608
248843
618349
996444
338931
250397
146523
227253
768423
605627
184966
599720
578196
773223
965548
766004
529986
917491
215505
423951
265703
616181
223914
659049
307492
190399
728090
384784
306796
664179
870916
815280
301757
909180
504529
967547
907276
359055
671438
35426
558392
788401
181080
103269
155138
42776
817985
74628
715841
279173
867102
879717
935878
230373
322561
995104
870169
242019
358002
60107
310248
347794
379798
906573
810524
445989
258906
632165
733396
719810
142745
442101
129169
804151
585415
860152
744266
843141
602720
567005
959993
505640
657903
562568
4197
229955
514634
568483
349405
454397
355724
588134
813596
356899
559195
323631
513527
674778
47757
712745
485612
504811
183393
193493
485574
594162
765687
430037
205713
524278
810675
140808
907347
362746
436424
358225
256066
812194
362214
919106
968730
620656
240079
235868
733631
34467
280689
430805
749110
372541
409891
729226
140875
380046
497965
601982
464615
879812
40513
523842
478017
381404
38088
371450
375081
730671
721076
423040
715693
586653
197008
641825
354655
498096
59411
425962
776974
618437
490424
290203
379940
645931
413876
7822
407615
404760
811162
586152
439591
593239
399141
75021
563469
616905
487500
614621
619256
97078
982389
317789
193942
599607
183829
551467
365788
363858
236301
932998
550426
328620
835075
889232
184616
549417
65264
939819
398593
180860
56274
960835
274189
558002
471169
560859
763469
552251
718719
358825
851408
300284
175242
391460
86184
608455
634066
97872
171926
820586
662299
329779
921323
703622
537830
618131
499263
953452
963821
490352
553753
252339
813662
977141
526591
419746
746279
573753
163872
89909
649806
827924
5151
522420
521094
415040
420149
606133
569166
30936
583159
852093
42646
683622
627880
187750
524367
997517
109137
662634
210746
957209
813073
754684
999228
112504
903572
826870
43957
642506
370347
425257
808047
833673
752787
532593
540197
465309
153775
595533
534109
315643
628972
129023
491009
502640
139551
967933
798825
655919
390232
783874
565908
979607
39415
314290
802898
110722
964600
861181
233226
303617
493721
8498
830930
878262
771896
180056
333838
58623
723066
613910
660884
297108
387344
564521
374197
932038
767379
60627
69786
557320
700868
344558
855065
796990
691384
197877
877094
271990
75944
718570
202367
422567
385335
756579
217125
506852
261943
137370
116555
534708
839934
7300
981968
115618
63856
119887
406895
200396
24340
648743
626250
478697
23307
160710
627093
757813
746168
711904
775213
992944
614770
639668
78651
765110
122393
515093
327456
910117
710885
893566
998368
690447
540060
954937
993797
371668
320785
860249
996389
315963
235704
668544
463610
737554
855346
955158
61212
78333
872399
851980
640103
556697
423243
90514
698059
818560
743318
770209
635881
776780
911761
997307
17003
663667
480739
243660
470247
41000
856212
260221
837289
12942
399384
646573
659631
169467
351919
725696
124214
851399
853001
202278
142539
172880
512631
193218
325013
863084
233097
610571
230463
396155
229301
550058
420125
66933
488735
292333
526113
639645
233116
759575
756262
947786
296281
786562
422
355624
716704
363250
977689
305235
258038
84956
669702
267683
17405
406622
622105
292986
758639
939224
564356
10684
116528
949250
197554
371334
358130
426256
930579
638957
958484
568892
806753
145472
850648
306343
856423
100358
843719
520043
635247
312241
367576
959563
763649
23887
399342
456969
869815
188000
154121
935520
456772
418479
881359
881435
863502
540271
898180
401581
670698
130657
812408
725242
613712
695813
740427
24768
308366
158690
208924
727754
869754
147770
344522
72454
809798
170912
901623
518566
436246
134577
656346
767036
343964
825856
703199
565463
488790
913249
231160
179724
764870
741872
427184
397833
968325
699723
257612
198618
523265
213869
11828
765687
370550
498923
657484
356210
975400
24848
252937
644444
496847
297177
890087
551487
780201
949879
899555
245634
983086
339661
340223
951781
326314
800169
116422
443686
672736
465523
418599
609520
380388
104908
567085
278934
150680
723337
753619
579045
398013
778503
621585
447026
4139
739553
103443
568640
188740
370895
442629
934873
627119
562587
867244
412939
876553
748599
954139
213295
634776
955225
324530
900860
347230
304124
946094
646540
204119
357975
981486
744226
623988
41429
819579
28792
907445
996043
653194
722230
862811
135077
725924
407882
854915
852570
160677
286896
908878
810735
103862
606290
212687
480817
771654
164697
605495
644681
868608
99661
412998
877914
763897
739481
296934
629978
756740
162941
622609
892860
740141
251868
216585
606963
580839
444316
286018
891416
573407
100267
701837
905708
397738
377101
809853
650558
111669
778678
427069
298120
844329
89737
704834
705133
20768
236419
96201
607324
144807
724052
751733
619380
394471
694964
286159
571988
543279
321940
7722
905976
10594
207007
382703
813251
165621
690627
719522
565263
362085
492950
800000
1910
564512
906651
459750
467304
841974
839942
925357
573516
451533
368753
52894
49430
711102
98633
480523
589032
370252
559795
107291
51940
727537
62816
240956
588735
314187
927892
219533
264595
566566
767078
304468
536979
543568
546892
167709
506581
410193
487654
350662
205507
104789
466385
659880
312581
335033
481616
582546
592956
806471
911361
454191
47623
377512
749561
291756
228208
656030
741715
917050
423351
405284
356954
238771
455251
10663
831723
335737
638388
173767
99284
289545
47199
946666
279661
551904
615432
196698
546187
999946
747138
600955
607722
732313
57755
309634
749684
89421
583435
488759
362373
343273
297754
55274
151714
995295
57193
51321
775341
645148
160207
269545
476095
949084
549481
937571
395338
273342
312899
497319
640071
266268
546015
773633
850731
722201
827271
116703
970619
790906
526937
424110
153266
798185
921742
300783
260653
686489
619350
999026
203044
358772
110371
195742
450296
14474
360266
110338
404873
903458
229511
944256
968361
791864
167623
131941
556172
833279
65095
433059
19206
469270
367030
467038
416576
445258
553251
893619
350136
20848
871883
76817
619395
978184
776851
734785
284461
87515
864532
774324
835091
276122
230690
236354
55423
864865
76134
37430
346927
886078
77939
982430
726108
677169
512862
344824
448937
656196
370515
163506
230515
428885
726107
288903
326382
150926
456040
126166
320941
375082
974359
969508
328849
449548
44049
799305
456823
902160
874397
422363
796136
144461
654084
875786
920217
260314
389458
86174
847096
605651
418344
878438
693042
439110
252037
562254
791591
827739
461551
489296
881276
627598
168970
170597
75701
426011
330672
770989
721228
950372
406470
56315
920363
597850
197167
159189
453073
420964
602750
850324
63577
115955
804422
355023
596780
304002
905919
138203
266357
669783
383002
496353
415611
327520
784774
241129
492559
121579
6410
236833
602328
436835
110172
62781
922762
493452
109981
611649
473281
31391
354625
6134
212348
751846
145589
818842
205524
875994
7772
214054
653942
705870
594803
295137
902113
127809
555392
637570
154360
585841
813168
715159
520748
170568
619611
685771
186239
118487
428254
792967
950922
197363
107958
461201
124480
165190
264134
14795
774709
733439
468930
834676
627686
239685
14945
681918
496377
540406
401713
863415
974728
471626
140191
892535
275961
593259
617729
306415
516616
832417
704441
341595
451963
71616
501656
240949
653818
689715
134085
67457
388325
556596
769577
34108
999184
7017
113797
524290
430851
874714
471920
173294
636639
754738
95359
609128
8206
280229
938837
709565
635795
349163
141514
522484
162679
917336
515689
317738
232635
185729
77494
591427
45834
753600
186286
227165
336438
582985
172884
434023
164238
426067
431534
527074
273086
703676
826472
94056
410396
691422
921157
600394
924923
269344
976753
24934
164062
421628
886141
689964
677307
134858
210730
51679
999083
336443
269563
851032
832030
39260
793682
689912
780923
914216
3455
793955
397742
99366
92537
450740
190036
172372
9358
371000
417556
862496
115526
10449
956236
259003
770235
711157
243971
984759
140764
373917
339212
46948
571379
256867
421280
851298
656407
410632
640373
171795
757998
206573
85622
704885
85064
392252
781138
205184
607104
117005
42822
99296
15094
410586
232871
904844
661386
669088
934189
743856
911464
804921
833582
732748
622716
851408
150416
55559
528804
977586
276563
82808
152932
65109
403753
985185
499349
226671
306130
909511
179577
904160
118587
933800
818385
474808
905599
698889
554231
614868
50614
826066
199876
22905
12670
973256
161100
488568
794733
656745
524932
707757
547384
771098
823522
691379
91830
76824
855766
92431
787777
793526
606033
284943
94615
835657
737788
568334
378423
158704
359669
442048
2654
145518
762522
497863
507004
955650
608145
111042
726757
285012
613961
776565
34060
38823
122562
632945
492888
7692
71051
443677
611089
754905
782328
65164
545739
572341
688946
219991
72138
543165
569905
215724
362134
461292
131683
101925
634058
600847
797089
641905
34413
103211
378953
390710
690558
54941
910425
117210
733960
166734
279602
785610
235238
331796
473465
320563
415017
241381
174540
420070
198741
665928
173482
751635
168962
972134
561689
969706
235179
939475
950333
126212
889189
964103
25655
211031
743006
293679
595089
755526
156744
23680
904758
659845
155473
203804
416130
663416
506901
552581
418081
168169
785844
958908
820328
445266
486793
161185
225209
608655
762496
737857
906983
122607
164292
817591
641289
25351
839105
723011
422185
497289
998269
98769
980088
879758
115032
942963
671233
759129
230402
360250
747698
271052
951090
785758
236785
350951
208692
890717
659541
259415
615833
373979
600385
344917
302823
367947
703338
671337
447544
243134
15032
834046
321551
182480
720689
15840
567055
14709
226443
92849
592250
445429
229925
390497
426567
5340
890661
510975
112798
746846
462898
506165
729627
963477
785669
553755
435936
981039
838338
209342
507415
374949
164681
253590
196268
805252
344465
131051
386502
28864
848733
986062
440061
548115
553497
341148
333223
785213
906255
534670
167991
634266
240701
136976
409838
735602
17282
698124
751000
841550
830664
345263
327624
198533
869947
944072
129417
957216
143424
766163
832064
240610
186911
863188
955501
649492
163129
638367
205278
665091
229408
427523
89550
620977
801865
254166
420866
659206
876533
307019
109766
360218
881323
103390
736308
541618
627451
748090
745980
57918
804963
175121
758077
301460
124167
768192
397446
504152
643315
296086
264638
870339
42535
670276
144825
33005
605088
634644
322464
318713
449127
131025
916531
831050
116738
749261
480246
418063
971662
366801
719586
176051
983154
810390
76438
260243
380611
131182
95153
422326
352107
874659
945312
875436
429667
548022
208894
799137
455143
340267
56652
40099
52708
33921
236300
338554
347543
962507
874279
716338
264932
814017
953179
499175
120039
58305
468519
814077
365805
785009
691421
302108
304914
778709
667821
217457
291489
729318
70230
45639
449164
578189
784630
266866
214397
134281
162953
914970
77367
259708
700715
137995
737539
120308
9677
53445
516919
224430
347078
809342
281310
231870
635750
911684
308285
804988
863618
559551
510378
95273
986367
940990
172937
811215
973694
186019
898328
197077
437408
947484
761628
667247
358752
386146
777722
287104
792646
673343
655639
768898
68176
992662
473222
159911
927513
421555
343699
940220
249498
4414
365444
818662
489560
790601
147189
118150
734147
604045
983192
275277
315781
835469
316312
644156
263888
603941
471720
490795
476948
221395
769877
791773
393091
11879
34709
209824
109115
186766
201356
408957
352013
657768
197570
693017
442451
381550
523876
804154
406220
72886
989772
601449
687558
897701
876778
254970
497333
63041
393818
536834
689421
57908
666437
768395
200231
667032
658556
991455
509161
779134
363964
971433
281887
441834
324448
711737
343736
577303
32469
261086
396978
265918
58485
729365
443752
529591
806532
592581
705426
102100
646377
563840
939532
760690
796536
534737
447046
411328
739697
350398
735615
269470
140527
471408
758430
158813
205619
897185
883824
162439
176252
77867
267236
603927
176919
925596
95070
610411
956026
451083
249050
315237
149877
997695
300048
94777
577093
522752
381949
102124
727757
884605
418968
759812
50139
634026
383948
804364
857515
379789
750503
937386
678603
400822
68479
131084
657375
811120
640079
160516
171439
248632
603044
990512
182958
755650
337696
232161
962017
245725
6220
1901
729595
710980
205401
165643
455769
113664
168165
131070
518491
727148
684604
63132
179284
544036
929768
640926
864400
252921
683365
248579
53476
200291
5614
798408
172457
700424
293829
221519
263498
33627
785931
29244
361836
481986
999950
248127
448048
791787
302630
461929
563873
523128
785668
655969
180734
849702
894657
52325
192331
505590
803702
148810
966148
740886
357758
730301
733446
344308
515089
707933
223295
18467
613850
259811
853415
652243
459664
896330
979065
324792
185133
753820
670992
196967
67605
632206
244357
798479
8109
35473
292837
602927
172211
748185
295564
197850
372664
286943
959273
803264
134070
902622
334027
369638
21362
677318
398113
995131
736782
659443
246149
941868
694122
910981
234223
102377
264363
802903
436807
369837
653411
887854
552450
999542
420531
203671
958724
714089
975139
916934
961600
1026
999989
802667
410458
779275
640382
174510
757101
369391
471881
529019
325664
492840
713113
348492
30024
846645
885587
218593
26279
652413
139082
660219
820109
462459
758978
849461
162299
420815
951014
705197
660443
123208
859338
660739
410788
197602
915264
804142
111471
735730
37055
971192
56793
746029
905106
805745
131979
869729
522285
764015
428804
704358
535792
532566
384698
212714
344708
354186
411433
860416
846561
311461
824210
321394
786558
704821
507946
818290
64721
279948
164785
423416
29067
208903
175330
936096
736998
409922
75830
273370
402497
2830
404529
663694
763276
440117
202587
316961
899886
128155
768519
659290
117908
158734
359741
667253
864699
107939
410872
313798
293738
727630
495605
646885
12522
754132
697468
561896
754001
989474
274524
900186
196951
272362
504010
108661
927246
949291
375168
329068
579845
980575
361996
450712
530451
871778
852347
356627
116086
207890
935812
320735
255484
685819
160035
272339
513025
190117
553590
434332
104050
637593
683246
662775
74733
28309
764503
668074
906305
383681
876395
181723
91253
26775
145135
47677
808270
965586
355846
163646
682982
976963
827602
175206
763226
357066
544267
834354
260348
203591
472053
974204
312222
525695
714460
122818
8948
439481
656250
881665
188863
200035
530324
328035
60280
845443
904833
865753
533539
783861
432609
144819
258250
741666
830962
898165
752245
108810
467106
802469
681595
866998
112983
760061
305146
966891
402947
320180
332385
232522
278769
310445
960052
614230
238651
133131
650753
885838
520390
595931
295948
687493
443591
593141
766020
152459
11782
430765
491749
224357
532524
97803
644362
170724
452064
326051
685421
729464
820851
852011
543180
786637
807147
897052
438635
477244
458254
515766
432328
125030
472314
127480
92108
493031
88376
242191
292352
403476
328414
119712
46787
903856
732187
859645
449905
805327
414319
209778
256027
600350
742705
201846
360484
478319
188318
576096
463925
401141
928727
839916
498653
975121
601099
720801
974973
161163
195214
720239
265901
702250
452955
452616
990166
515275
298002
462060
76302
193755
757908
250148
794741
198609
560483
318713
30121
276074
87368
134523
332698
135041
649922
56385
835528
440466
116016
430268
953247
735193
761059
254341
888580
989444
842543
43341
364356
95381
804653
780492
671620
773585
207913
135220
78550
38907
448630
446225
880258
585151
83808
321956
886104
191098
109488
94405
939074
524911
853906
777091
140801
529515
241608
624447
816222
908572
60641
867359
893418
100714
522139
708360
297073
529233
840130
200065
158067
844988
779108
201689
127063
342265
117877
211050
846586
720482
760413
503238
683893
889010
787964
672160
156091
568093
91344
367496
89249
25731
348331
747098
444904
408561
18315
923667
920194
774199
714852
474607
881942
113150
786429
905206
930377
360325
186820
807848
404788
639344
748553
343774
441236
757256
786531
588900
771568
272933
553571
231523
313333
299326
445596
87297
741782
567937
11433
905596
657991
183278
760665
981486
671275
925731
482696
158768
699368
923162
291183
912122
56477
4804
890185
330140
447163
75308
621883
986124
813089
402564
700453
879760
90060
799794
662618
860357
324343
300560
472674
201112
270116
74796
908232
283897
544037
14568
822645
675369
648205
630252
631102
227737
689451
640924
899535
221293
420709
917216
229020
980879
309336
240513
723055
844730
697595
679333
201058
841691
762120
251827
978696
941570
902032
942834
474085
283454
389479
74494
118681
358095
601716
491446
52589
722994
920453
14680
866322
462628
432051
142644
214454
271303
891233
33779
471382
732361
21343
391627
725352
95075
115796
991792
314162
609304
78166
239450
794415
268034
492544
326800
705920
629236
51051
271696
743826
240983
682088
361945
983297
77577
20665
304106
614998
309476
441349
681314
244417
676079
734621
161577
183997
708005
649126
266137
324295
54242
945088
406916
108856
209628
308286
332715
857221
9379
459355
85778
181446
359939
59735
63462
523780
809212
563498
804185
906557
724267
993324
672497
830161
40910
729310
705020
880840
777039
790844
497160
17399
760500
764660
159932
694279
312200
486282
56885
948233
946518
817419
243025
326832
503589
378464
270820
69201
511842
893124
302758
262914
994191
881275
275610
795670
377586
796531
198462
796368
643159
346581
534739
917414
362983
657212
17864
248578
809528
145044
180849
872432
895146
449354
342047
72397
301503
539947
782435
986639
792620
165916
374232
64523
370256
139214
976318
27097
626642
557302
498801
158995
377115
960779
657317
666442
413993
594700
86961
524463
13063
396438
666515
706158
645364
68252
615462
937882
199449
609370
169518
156358
903144
980206
414760
657296
48820
150462
166137
519730
572521
643204
613056
266356
514781
828601
822875
877296
399822
643871
92590
213243
609781
120091
569634
623656
901982
81849
524621
16634
319743
652355
152064
949352
881054
744447
799475
361388
594437
547060
80926
418029
547671
127044
418091
556590
42502
657850
169907
236032
7359
459428
661456
78621
210029
987814
103281
62111
113615
148191
604334
171906
571602
821866
224816
454877
941639
295382
289711
729995
612712
359187
989347
305668
386652
203523
630344
929633
632452
880883
768405
854494
640694
27192
853830
340481
145381
738006
951331
136696
551792
981298
557597
483141
11490
695126
533251
957996
119434
766205
690235
58135
673151
414571
631350
745574
630236
119893
25552
318504
127979
116518
620822
872848
187711
657272
945778
308674
516490
700077
831928
305601
640052
406821
600320
942260
453478
860533
999549
667115
159827
704723
756470
141443
482013
987906
906650
69961
979505
356628
908479
510599
278960
881960
913061
312123
36696
227219
461388
266811
490934
568856
310974
285077
533046
667721
56050
399951
329589
754572
698575
691522
660656
441527
351722
284954
305162
700260
813201
420379
999957
58084
832638
218974
727154
554703
515444
176752
342939
675199
454992
606053
851074
429010
865597
214477
945644
979919
200705
761963
800154
748728
483855
268927
463809
708150
854408
561897
640919
668499
635674
37741
75603
713166
570027
403641
241548
584451
733693
807110
545333
743153
43396
208893
791903
29454
197629
71288
232028
337964
357288
435388
114156
486402
863551
243002
296832
505232
815279
322481
142910
904692
383933
802373
613077
85987
330844
842849
203715
955033
309903
482047
132973
969963
188107
82955
968897
307765
797084
336181
714802
570704
240627
24958
219594
469826
126435
790919
664526
220684
864653
952689
792925
965529
481510
24043
495726
396539
233224
954378
343163
896310
673522
271439
661766
934612
727557
244774
795867
164599
755634
908038
264086
646940
552094
279326
623824
896974
717873
400887
990549
997857
869635
883059
323759
851735
704086
482011
787722
751351
22957
866829
722686
846096
442324
138717
21023
749354
659332
853592
992811
488105
830084
268999
126625
231094
824331
287360
503912
748476
865793
99693
9018
353696
341346
847480
892075
157483
367961
715058
688154
824157
43221
740909
973712
662071
173387
293411
950069
802874
672396
595142
383765
428334
755852
899500
4885
488878
515980
924432
66991
124538
456669
930245
406113
46916
92152
391978
1245
469812
768538
561532
735140
786557
454305
340726
781664
83691
364074
793687
804836
753452
929322
315439
944656
921662
810443
943308
386156
142948
356409
548703
160609
831850
161492
679102
711673
196158
142888
633506
674212
18031
868793
949382
259919
488683
703337
855071
621302
444107
703000
398884
574471
772131
98512
904572
101150
465191
626925
122565
121653
778579
940439
947418
133079
220498
811750
854022
440802
648153
880083
268733
876333
573148
237756
936201
90960
889866
244008
968711
742082
632075
571017
672062
147936
35874
636431
430486
276508
141179
257408
902827
255622
399319
573066
533190
943835
270887
25401
911495
485471
595891
463190
832832
188231
597269
238987
999264
508057
739292
506305
183678
403500
303873
792187
332528
830611
470737
319825
522779
689434
891443
486520
908096
104434
232660
364192
790292
523775
930650
82855
734285
756116
446780
481810
208268
728656
643022
469048
575565
446437
506673
116227
390559
360451
345214
634760
858388
110889
745024
27959
6486
401929
41772
394879
585868
585694
785702
573353
970946
385625
701556
52947
358969
73241
940816
862922
383595
327324
2968
445986
851860
950857
562909
365525
689783
598576
583161
62147
339074
676788
512459
774831
785870
617142
76352
172577
122166
797337
150811
204440
41608
484282
476436
168911
953477
309024
518738
28104
462233
947777
609016
547807
804701
879705
610753
931416
462908
319614
748037
233905
577895
682541
905344
991407
978208
227220
662169
182652
606584
846733
561289
850431
879266
327166
626090
454364
44624
778910
940204
300765
921265
360232
181832
200948
490479
859106
365471
846317
693917
176756
685344
256701
444565
265208
277726
57843
297585
611162
923426
274566
447321
929785
197037
788112
717716
334574
336201
599274
995662
883219
151943
563370
120224
64431
630264
318764
585463
487022
485512
717568
540500
759994
817676
185300
477749
311270
198562
85719
688682
682667
965961
347680
36222
660037
240215
322810
843865
450032
194249
85942
733805
998746
405928
164662
59883
462496
700742
989993
175836
787350
753168
197161
155346
331473
856632
273535
737602
473236
694881
950255
210560
187991
651657
164731
663821
647767
180912
383115
544009
642
26430
564980
727779
620362
627535
76897
391043
281777
876705
417241
797739
914027
505238
701468
757435
810844
764729
475287
908304
436240
744948
572543
170455
253793
622858
415311
684372
329096
372808
365608
300129
807443
984564
481281
215354
752617
33708
303063
673321
247707
528005
105454
727302
105131
313696
380961
953321
10614
967319
195458
650601
434646
21427
451775
507566
184990
576783
29341
930896
45086
838833
229588
236176
545747
883011
950001
680890
551338
1128
534112
883942
6649
310329
300397
520693
886985
916351
339945
308423
121498
814499
290951
204346
18648
884554
447468
426839
512609
789937
740548
380213
370842
326839
841796
814365
355509
785586
882535
582867
215235
184369
56182
176523
298754
814609
677129
804150
528250
397510
106281
168319
447772
293031
321645
241036
70871
625284
811690
282763
291633
892529
899942
67988
694612
615261
571146
781455
701664
842474
362489
331432
127502
884066
907826
889873
380806
466433
278479
314021
744038
618649
351117
730031
392622
988252
51373
966352
72974
958473
471286
713157
648861
892886
539293
253768
46892
68776
133447
365048
484487
377140
271665
515934
247413
665081
287239
806766
699077
675467
703527
186808
650004
899070
858607
363309
693497
295984
198895
472695
622252
766029
560107
22953
580752
451863
684606
836015
179526
443977
686135
719874
399939
223248
166028
382464
751931
224662
209484
662743
812179
234863
546074
499199
966456
946567
745645
181932
907460
884460
438879
341730
198234
90084
201233
817997
1282
407263
919599
17153
894808
945029
172990
624078
550024
311572
401692
561394
927304
510615
413718
904897
563914
970675
83123
58111
472447
38090
931587
864988
146541
406224
652875
496923
179289
376155
539206
888826
39794
548244
199179
218604
624579
529333
918878
425510
303136
506911
510887
44917
310670
89458
520419
700659
506125
641271
213355
440730
709887
450414
857979
728162
63087
460057
430289
306078
109225
966307
22246
344462
588846
639740
912921
245826
259337
463199
474459
238019
404413
695001
827943
414586
81659
764594
438612
196593
571552
86752
645605
284548
937634
140795
458286
45033
85115
802882
819369
933881
213891
842317
934491
996208
102066
696870
198537
703354
227332
127498
710929
387735
336086
119434
365263
318850
703991
444469
23096
27179
996676
628362
337336
827401
335605
677638
377614
618358
901662
811685
328168
944430
167779
618844
178209
991421
642007
509355
505363
659837
823670
73335
164738
109361
927837
968567
939301
200597
817079
260740
981673
73608
494577
717900
183122
697511
458871
421163
442439
601360
198135
195424
175533
153785
110625
786584
306037
697318
177989
415931
407827
563079
789415
327710
632321
492465
217139
212438
546537
274691
377632
936438
32367
472565
677786
837142
953118
953525
941763
954064
380334
569021
641669
956948
792075
732502
914012
205439
803201
834753
133960
328762
668932
405078
140686
949181
14819
677762
559622
689682
989457
755513
51255
404127
310663
875023
731128
647245
481539
374549
451969
762179
789695
839366
116470
604902
571145
558168
697968
847684
619744
862013
186343
7856
553726
137062
247769
833528
412814
303412
989413
444440
752523
334495
854054
674078
26720
955028
334585
388171
105139
195
894641
165148
359466
44755
209176
615654
869814
817949
597572
791123
952752
608604
311888
585480
392784
334533
164206
769419
471046
201300
829491
313280
128157
907667
44230
952426
372609
168492
836139
528094
351683
920616
866490
497084
338869
953178
944200
145199
259847
861121
779553
462260
278581
159039
85522
340568
395684
112301
205904
744075
973149
343334
552042
762105
592716
553188
263689
9333
679528
761981
674627
662816
878428
316538
359895
537230
257127
539528
769083
991078
28682
301613
708892
129462
635087
986634
228206
723144
714478
289529
780238
498929
686368
37725
888806
973069
432460
758891
929640
797159
825042
31500
52594
665182
660595
749317
716998
190627
893194
306908
789853
804286
930406
370545
665424
646119
153845
337283
404781
628727
757177
804766
465143
335297
456294
375284
191431
181491
619542
899820
876192
318618
890298
831290
859142
84492
429851
700957
833811
418778
495478
857909
256367
551197
186726
518770
510439
443813
842382
863265
271821
922755
751222
380986
338230
170034
551587
925707
41823
262774
937976
965768
245966
744950
67256
332608
842779
795920
362779
364166
614311
420312
251568
715903
297669
225466
737955
269406
703285
775479
616401
507017
775486
214986
556960
440636
555874
841208
258699
683861
112502
569309
359613
538816
631686
784076
815921
32522
34279
899921
19361
682385
674549
61645
7967
396329
907338
809953
743981
320383
567964
208568
582008
634935
699373
883929
731124
270665
182323
663753
726609
266083
276944
17397
670124
20875
467788
298770
271558
12700
419526
871649
531453
639831
296747
557650
239808
727989
178840
488629
335248
896977
809744
368218
567939
421156
462367
351239
840310
437567
268799
235140
61541
356459
969945
424163
344969
111223
672018
174820
901928
448197
862369
960374
41254
801535
633401
402313
270588
424326
790885
108495
613731
354350
281750
930409
907786
481348
166491
606149
24446
452419
182596
491043
671696
403116
797961
94461
675381
534043
537033
439193
414509
366242
277469
838890
389796
103382
161379
549407
741894
904727
742767
891497
903910
30092
1572
865132
472222
756502
894763
979870
810281
685925
186186
10996
861976
564516
399467
657804
144335
15962
872004
628196
913730
655033
53160
502930
55409
892151
386032
843146
333125
365797
339727
396433
253751
346757
417865
929553
951232
646718
259040
170012
174849
533445
266317
574062
678711
905737
555307
155260
52530
513596
394219
405642
308187
322522
724291
420587
342205
215548
795283
698857
731225
102661
428301
730876
185682
164401
926948
411174
386335
394997
197877
515001
858956
830046
213118
964495
4388
844768
549045
376381
394366
691080
370683
431018
967878
5203
895080
931720
818548
362255
63737
33638
850404
80244
881669
13083
697565
383124
639410
121004
952813
721027
24372
518484
930646
515531
949197
27405
902374
848796
777314
446108
983914
647612
509717
477640
631425
726907
411970
897369
5535
651961
506783
447029
301866
754568
335005
83910
513678
795610
396707
636716
991935
704973
724024
623750
598688
549484
108743
974426
211643
380494
610172
661691
830900
894992
102563
800828
563303
907582
786477
599174
315476
475402
784689
651668
113539
144031
170837
468725
585689
189659
37769
795810
293189
921268
502577
238142
276047
76306
866633
939368
391506
94313
501452
579595
766678
585162
414988
756060
961068
622090
868040
888787
240360
584405
856709
153960
699799
150706
754393
589325
843631
700736
915597
438785
626503
822399
583878
7471
893362
840259
17524
783896
616333
282770
349112
352425
320207
987742
328877
667144
612577
108993
766877
587282
790341
631923
185184
184741
81191
131626
918948
225845
196883
414504
663864
402298
524474
372699
257728
340432
462420
850496
304965
153184
120284
572734
105587
315830
844029
217569
233843
944376
803223
529342
26830
134574
182211
962073
189643
879942
354170
720070
701186
228680
785143
219361
213520
762328
314593
932135
177729
183013
889635
296108
488
781583
792032
871718
638144
825425
890241
212243
168825
452707
473153
975466
48226
488832
777878
650180
950903
711249
410810
896858
326542
480391
479403
908988
59393
327339
401475
390095
909140
42915
39526
711163
732722
48284
19489
564168
839227
343696
836478
959656
213689
129908
624505
729759
760720
275890
272839
792810
165170
166773
908545
311633
444560
107623
632934
534876
776790
381448
799082
549179
726725
263962
48190
389738
566479
782983
784539
957753
986816
776925
761884
975536
130830
854734
978622
773476
546149
188666
134660
47815
348147
681711
489885
854160
614242
943019
82250
8875
788096
677588
912950
758991
662610
550518
886783
50965
331871
321542
7755
979650
354772
62095
573094
30988
256777
565084
883290
545514
411387
636574
291453
424368
289126
819010
252153
475604
39398
237132
398097
955731
379379
680666
572417
799920
804128
741898
174989
754070
203402
811660
143136
122836
73195
3810
380204
130032
643788
626168
469957
951206
411193
644933
70349
323001
755099
700030
467201
259827
554003
620344
386419
815619
966991
60738
312850
16938
841675
836783
244506
63403
529074
768526
22822
642381
238768
361206
122754
737137
451456
448674
60963
621107
321061
4391
385978
825651
444851
685212
551144
744675
857539
314772
839343
196689
614167
436163
907870
703384
866560
267637
452516
463492
909483
880496
951832
1726
275115
184862
445700
254767
588311
356926
826769
419787
560078
670331
178944
235690
193067
304737
284081
493262
357
596191
536149
477604
797631
366772
151578
734753
418858
425118
745164
24069
526926
64746
52780
568986
543151
403724
825393
750918
603420
707053
693175
204615
363769
412287
104302
867971
424434
439197
279829
915268
119024
505941
494251
660075
424192
597032
890787
452487
785258
432491
471033
315114
724505
772945
860615
563226
201429
662008
945553
936652
827989
255150
498554
834553
206951
713362
470035
88862
857739
750250
705642
338221
421672
812846
470174
471405
97353
549209
307236
797764
546918
170046
444623
571896
835219
546910
167328
250758
316501
406120
323248
393645
766962
775445
401078
428940
476587
919636
425527
606292
459971
361291
251941
328791
423353
225123
710524
717023
633904
66530
449833
695284
377317
549509
259827
110008
261073
824277
116701
391431
223258
221571
184873
51718
740627
928459
535942
876289
394632
639583
400047
9780
650427
788114
352041
264073
431391
852303
952973
883030
830530
406354
16868
687064
90103
38457
853405
990412
802180
994165
549016
934914
135291
419886
592121
916382
776216
379173
922591
593064
190891
393486
791218
560484
754808
119573
651876
152884
280731
917136
677230
988730
480408
483327
388249
816220
936948
434734
318462
934468
235854
702833
595789
966988
5239
875524
817960
46372
749506
165193
621949
532481
525866
512852
903497
231233
709323
448254
729726
707044
319291
717514
606019
689175
639814
362552
907722
760762
155395
890858
967928
488983
145726
409353
524497
905837
635140
112786
972614
781192
776418
314912
143641
443291
163607
289820
136650
996573
14792
551131
65945
662670
643317
838381
456058
627701
144719
2753
415098
217378
766719
188445
648028
441248
831
191269
833303
948333
36780
642735
879537
218645
854625
715673
103226
378570
894570
376582
424235
372794
940747
820232
262688
351465
582728
613644
939031
38470
377394
249436
28487
535229
623765
262617
301763
484073
484718
800264
595781
766331
42054
550106
201389
942384
755146
231935
129416
454506
708460
434793
922069
207985
979528
443306
513632
522004
436476
838094
12567
599006
283011
78054
176515
599731
708813
976418
782388
130828
74549
967817
55646
452951
163306
330220
816015
999440
163954
73438
21310
859195
217088
34988
946708
722063
550394
834486
323709
411027
457890
729315
381221
532735
636243
87173
880558
966351
681419
145223
916884
880485
870204
960876
471479
718874
703689
975903
442417
127767
73576
413366
155614
111418
327222
805993
163925
796809
953617
314950
478831
64725
90030
139597
247439
961524
557868
241636
286959
244390
676274
811163
819435
632651
673373
387519
211453
338623
117509
314392
516736
233783
424689
256509
143872
569447
163437
834340
27191
515919
574587
43588
265612
910031
451043
17858
312546
508220
281366
865723
449269
730779
351051
767528
454910
352613
316671
252615
98060
846861
620588
594257
318223
119900
997730
557430
739693
189815
240968
313683
466141
955032
337915
197667
941105
575905
69507
121547
27718
149192
169528
886319
360461
293858
184258
333186
452334
986376
242728
263492
2836
484672
50601
322309
345222
462075
554491
588628
995971
536121
888561
444209
825057
221773
411529
403491
452513
964631
869788
978567
94959
316866
981053
326077
235160
507176
23091
376998
168366
625697
333298
385599
691093
395857
977441
350519
941142
37339
229726
558701
672120
37808
921321
582055
51344
745796
160781
417070
406932
573097
407387
99182
218075
252264
387144
46584
41873
33273
881285
592231
778
923131
988357
648171
916637
73219
63559
212928
170430
201342
172746
480512
891297
498961
563572
638721
134010
818816
352547
54779
291067
64092
354300
437940
103656
607548
738124
741521
285212
257471
986959
20969
951929
757066
455203
199890
766503
54852
674328
712564
944562
615889
439028
289353
47625
857089
621701
730481
792133
384652
609328
374027
940961
87589
234359
105577
712048
298552
80023
179827
38122
171665
80480
828534
442238
146762
407565
614557
255675
870432
738382
758354
397999
226479
131809
211106
963428
191915
907013
77803
413347
79266
113348
103917
261722
352038
408591
330939
758329
607328
421189
698871
224108
508108
962307
327890
373671
417393
774696
446745
171817
237501
857977
452037
514181
489851
793697
380411
296447
984173
908581
154758
242313
520803
560666
325913
197252
945652
310566
672892
463291
534679
248883
947606
149459
123203
290838
254070
443206
615081
820477
37473
169999
507768
669334
425085
1496
851510
48259
708827
197076
624382
716098
88437
819201
849625
365265
404503
949969
907699
931751
482235
554412
402703
295887
879737
285478
631293
630275
288577
706319
171942
472522
569864
117420
363384
453002
425606
419256
473278
491638
2998
215584
171652
192729
308365
668159
518357
113163
167860
450536
49788
556858
613619
516834
707328
557100
996889
300705
288444
748462
833807
390454
821119
901277
374810
688140
763238
994199
155269
553676
210827
834144
332818
459341
362461
397965
445910
235794
331920
266509
338514
77587
27162
749200
387456
94337
220855
556143
841763
343147
126245
164743
37459
958501
761822
349121
486639
207798
139246
693168
356211
43847
841222
291856
649592
46
869449
260468
483706
79652
737577
117687
214005
627456
659984
586038
801837
40321
344495
861958
741309
572504
335586
947815
66952
422276
74370
209468
448777
748352
842642
925528
147951
257721
540451
228231
654200
530955
810205
500930
155058
306688
364962
993419
597560
533899
504625
143938
994442
118778
710907
855413
799882
942392
900452
763575
633836
905995
385230
355870
369409
472792
840259
652626
614312
418075
610979
45698
915265
274103
506058
804917
593364
261744
816130
708860
978743
337825
674958
234117
954457
355271
36737
745901
142411
232573
481713
172974
768205
459746
782051
721117
227151
229873
660827
281888
640324
978499
459272
327264
237313
137536
490866
245727
231523
466031
705588
271709
964131
407019
913642
387798
484489
537907
225161
837940
407563
331183
550912
179871
843117
122977
978710
126338
426706
398844
591258
777174
999144
249364
823348
228111
278941
122534
769803
957242
951352
805597
950340
836303
957972
905872
913413
91560
412477
968318
718420
47779
490904
766954
774052
28880
849003
237962
730343
360105
604532
984169
122936
19120
688973
273807
250305
117204
420978
980839
328150
56770
482999
969810
309918
907723
92850
15102
888374
272691
53607
462635
100360
669999
538065
491443
645388
253222
918082
13280
498393
507533
684505
960256
648006
415502
519962
953699
823874
468886
884649
121879
890084
817912
54358
139832
176432
795893
410350
401491
395282
34539
922229
602467
948974
394107
187907
911260
371216
972582
98775
337297
365644
529380
183583
866183
405659
761578
951135
425626
141941
4484
99738
770001
927465
93396
290484
927100
614600
319682
291721
937597
404841
641862
693764
235873
938933
571148
65683
170289
3658
440952
380124
841635
201258
91151
767474
650428
678430
350444
177293
686869
544102
83909
322760
371690
918627
987944
363003
561793
651791
761008
138540
671494
622985
756181
416627
228344
194135
730301
526204
681924
824459
844491
966195
214651
75820
642201
56291
765589
238478
333385
465941
471371
589191
347259
505113
252798
857168
781114
389530
331316
818063
68934
303378
46489
62171
921132
974135
463775
890241
345480
647000
911287
978765
349371
800503
764920
926374
744832
680227
513117
43882
330226
744188
375722
782825
606416
411251
525775
10735
100154
83081
268778
936203
313777
270461
370858
862671
297817
796423
95444
107207
851939
471489
407457
358923
399633
340421
234700
471457
653397
585210
638039
184924
289683
435671
235134
554941
986654
986846
246889
929820
342858
651490
91461
161764
391204
86337
537561
363851
650156
822357
46988
931835
912872
502137
85700
738263
265031
581595
863420
376148
143402
588571
173685
80382
599717
547467
749414
487334
318235
976948
823458
706539
350410
946819
389304
273108
976336
40538
993979
425473
580237
711450
763381
810301
936010
443621
759691
154890
838893
332357
701146
667103
590608
184710
536415
923820
447881
7002
358943
791200
778016
794155
671070
483432
330240
864772
63374
211441
727846
596247
961633
998975
13667
305774
211906
150700
840232
196000
923741
545473
685965
738141
172066
397587
300129
600757
870346
379871
431679
248973
370655
34669
781044
636775
120817
212244
28874
994117
14349
870855
742068
570956
905916
948760
934932
341878
133138
175587
72157
97871
785028
629032
340268
55894
887965
562526
85540
102235
642077
530535
418908
52257
334007
120352
122162
856986
576518
662719
154791
516087
80986
138363
257089
567136
255817
123491
372733
412695
541915
24509
872755
419538
545817
40729
852947
678497
711695
263534
97971
548729
485417
71460
658018
626824
666965
512871
367613
579007
921946
681384
51263
353806
228606
183943
606861
652900
373647
677378
635353
179461
478319
106550
793937
106172
935695
715658
590119
409167
70660
123962
905216
199544
296113
758237
138458
950656
531969
716404
496634
567257
178051
700345
619220
571698
987565
575
425293
292664
774769
641462
795998
833632
8648
702870
465168
770982
993787
522630
280734
985885
520290
953929
820827
769375
576574
102682
201033
356655
961920
2223
793063
344521
410194
496068
490090
24897
141731
194280
100357
527816
597318
744912
428153
808788
476398
819236
610061
938371
100991
147967
314417
855800
557513
665365
483221
733967
30594
319135
398247
369564
236150
386235
986940
560114
885369
198177
448658
258672
666965
24157
478191
407373
321934
486305
590937
742559
3233
288574
312982
537103
262203
229288
289324
199644
684238
437049
684781
885778
408090
520739
604665
792876
506403
856514
646107
608042
479426
548234
105916
657828
919592
692426
817198
668654
741487
454925
64444
688530
239967
123498
535651
643473
638541
739299
809995
206155
720827
129652
450956
139649
599817
165735
377256
45747
672807
850849
817812
495174
334306
408534
821913
846131
74880
884465
992147
667937
180800
902045
835108
578161
367539
118854
883742
474461
329570
619580
535200
596479
369574
950769
369362
588464
982099
753752
565749
749918
509854
984277
920307
959397
765262
520893
878606
335713
815520
558847
948278
561123
966382
562216
831042
932696
347989
704255
623487
630903
405537
664379
475797
398591
28182
369962
168887
808812
11555
772090
172983
566617
42376
26623
884452
837784
418085
515435
902715
426496
270095
987384
405400
734408
146146
724564
907398
825080
425434
46624
948276
590651
189587
654397
542581
971709
853237
283802
548789
416653
69832
892016
465262
283484
171521
130043
545318
684759
676335
169385
538570
355597
201562
45162
811996
484937
459145
554067
81715
91874
877046
402733
495258
451742
789999
740576
344131
280703
73686
430900
257796
872987
558318
415046
332699
151480
550729
306558
283785
640262
318561
915854
370968
696746
445729
750582
549319
951474
555292
662855
19274
795169
14027
721738
111946
925558
882403
77892
234672
420518
554315
56954
423216
539509
242880
969243
899577
471801
711709
155596
918147
547907
425537
602628
98019
9701
599728
55397
385501
295064
465088
931491
768444
934495
432589
497721
872813
579988
742015
709145
611916
390579
609223
829786
130029
984281
848588
455496
384689
432792
440417
841529
845707
323153
537477
500962
954003
739661
960494
884756
179648
129700
319350
580265
746036
408740
514925
872232
345898
332600
525861
698738
464919
119209
65298
4376
249993
537390
904437
243817
211704
196864
403029
321214
434389
571465
61271
564364
382215
366676
713239
427234
835947
202982
318937
490484
972659
228065
180189
986820
109406
193799
805001
516480
171931
738045
575699
837910
520747
96616
838078
619627
369507
237405
21923
821533
664333
456477
927709
937387
957823
805072
369934
674881
507761
326786
954475
775754
558063
975815
885476
585580
518311
259990
346757
671366
548250
106447
183325
254809
874907
183096
320546
480043
22553
925695
601651
566927
19493
818160
498702
714413
560716
52851
457781
213254
51737
557924
476084
603276
436498
520432
876790
867689
720954
956748
146941
595367
144069
585920
134299
761778
19174
246985
860982
280172
371225
367817
704915
756941
629250
540979
724518
948453
798356
91117
457689
261462
731906
628811
613109
265134
352063
977374
690026
589942
925649
531973
712081
777224
792333
64517
941439
612836
263433
223123
651360
229396
762175
491581
778549
793760
660001
172067
551002
909922
678631
33483
992753
962200
173780
628128
543839
499581
94055
921024
901949
419299
917280
799066
591646
146229
406584
231263
697735
224363
599854
336699
661219
737662
48683
383426
29490
759748
956769
789380
576803
595439
532704
525487
266731
921788
568462
931486
115240
62329
982328
846608
131163
535416
823908
130082
160272
706023
28820
100565
639830
840134
31990
158912
982383
111770
201010
875340
550758
144988
934800
119864
960604
486612
187868
394006
752518
214
126736
382090
312678
547843
602631
882106
289097
483186
133366
698902
649995
418378
127341
786626
961492
446357
153889
912638
423691
501668
166741
381772
697429
824823
721167
907624
578345
558826
390395
546672
130624
351171
783183
721404
979648
460621
791976
750167
80972
275281
959869
974391
432467
336989
144604
527857
877092
936719
979186
28093
355724
96731
981146
986553
712617
287387
546373
532078
430453
540034
478386
121283
477652
712096
150266
269812
787494
536491
873978
980025
756785
744692
560604
463565
551194
991266
295070
961297
935082
527418
20203
948500
805528
572061
127523
779798
603445
111157
385947
876131
299063
419545
304628
885221
704770
944209
722450
857288
455148
313896
144211
369410
112281
147258
102344
704757
503751
20113
613061
647021
581468
422204
617064
185746
801345
784766
147560
444829
267024
692479
852052
444333
655253
206814
409441
884858
246193
822551
330286
4052
218845
955186
605558
696465
739932
14220
678043
510776
274019
55732
250608
842558
973292
727420
516781
626053
967338
720256
501676
95088
866432
223116
335081
731047
816260
940231
443530
344981
997658
76024
844526
351243
551855
317902
953564
681657
529913
254750
573435
462077
614405
857400
25305
527303
42103
617040
702364
85639
368313
688530
679378
361047
456683
917785
395263
838608
352717
945907
840839
818198
504895
677435
130213
341575
134207
276072
811786
199693
421077
508491
783642
649921
578071
695260
218158
676931
807438
747707
471922
116384
604457
770463
559612
727127
860716
491690
404262
345492
745874
346467
741399
584355
402115
383524
250794
150006
72419
291494
217146
741435
401935
748098
779771
669538
301159
984116
621438
787814
940294
923774
767762
61489
156050
514099
21112
118608
795357
888073
436779
424478
294822
819840
164184
299951
100474
525014
922216
864401
369222
235028
355283
125811
761629
131777
525518
863296
35020
167215
836532
651430
576608
12338
755493
361147
978203
880938
802760
738547
247307
255740
412155
210811
273727
608042
429960
897551
726560
46642
217022
916195
643286
457884
545902
461732
590910
105825
743768
813860
428441
850044
821797
378781
380734
108290
653125
108203
345578
442222
613923
154685
99113
176611
485970
420370
339052
775971
834135
735196
310859
797205
518466
761058
98948
112912
478128
360005
533115
757169
433197
87360
59865
184108
690406
674808
858919
949343
810174
853818
947121
825231
494819
636373
5146
143252
691646
217827
186781
720193
569611
995825
226245
69592
724602
809559
745940
725892
695855
395247
785145
415898
634874
226553
219627
500731
758206
362798
922774
581072
36759
663134
230778
409566
426861
741473
517578
286418
832050
334812
459652
927732
899642
336683
876444
390831
702390
607829
869111
16817
333101
817797
348435
507814
448863
993987
942173
194835
841566
158807
702761
271962
182709
420938
998235
273440
193007
153281
462357
352587
621092
438083
904378
984860
580675
788740
634516
562120
991801
268228
748158
971195
99358
515635
529940
656962
300823
865165
288289
858739
805228
696072
611660
678440
966662
387327
249632
389968
488120
767439
565185
931508
75330
747681
778877
835883
535210
906099
31332
948871
759913
150004
627351
161321
514943
226290
693106
38173
458610
771710
877333
665935
360160
799416
658052
259911
55161
3369
278298
73455
279309
28844
327494
933728
155570
905102
509497
291934
774648
165412
194052
20747
5017
789965
935259
317581
396347
998763
258844
979603
798880
94529
669450
4890
111409
9676
9790
943807
391769
946773
15476
675688
416289
518571
152423
318143
658469
91453
598244
789760
572142
615301
534596
141706
10715
83130
754477
149731
591595
905427
956515
815268
823690
906978
997809
362830
855950
358108
807485
40617
776155
437544
625045
532217
491727
790780
720796
69530
358132
395627
780004
400510
885451
775761
688126
610031
50025
713411
541353
418193
965587
3955
324896
987590
927097
468021
850826
459527
130536
390802
227967
408931
693207
793656
348251
158653
951598
459631
